0 -0.198425 2.10027 0.937236 1.11211 0.155059 -2.08888 
1 -0.15661 2.10054 0.93724 1.11212 0.155065 -2.08888 
2 -0.114794 2.10081 0.937244 1.11213 0.15507 -2.08888 
3 -0.0729783 2.10108 0.937248 1.11215 0.155076 -2.08888 
4 -0.0311626 2.10135 0.937252 1.11216 0.155082 -2.08888 
5 0.010653 2.10162 0.937256 1.11217 0.155087 -2.08888 
6 0.0524687 2.10189 0.937261 1.11218 0.155093 -2.08888 
7 0.0942843 2.10216 0.937265 1.1122 0.155099 -2.08888 
8 0.1361 2.10243 0.937269 1.11221 0.155105 -2.08888 
9 0.177916 2.1027 0.937273 1.11222 0.15511 -2.08888 
10 0.219731 2.10297 0.937277 1.11224 0.155116 -2.08888 
11 0.261547 2.10324 0.937281 1.11225 0.155122 -2.08888 
12 0.303363 2.10351 0.937285 1.11226 0.155127 -2.08888 
13 0.345179 2.10378 0.937289 1.11227 0.155133 -2.08888 
14 0.386994 2.10405 0.937293 1.11229 0.155139 -2.08888
15 0.42881 2.10432 0.937297 1.1123 0.155144 -2.08888 
16 0.470627 2.10459 0.937301 1.11231 0.15515 -2.08888 
17 0.512443 2.10486 0.937304 1.11232 0.155156 -2.08888 
18 0.554261 2.10513 0.937307 1.11233 0.155162 -2.08888 
19 0.596079 2.10541 0.937308 1.11234 0.155167 -2.08888 
20 0.6379 2.10568 0.937307 1.11235 0.155173 -2.08888 
21 0.679724 2.10597 0.937304 1.11235 0.155179 -2.08888 
22 0.721553 2.10626 0.937295 1.11235 0.155184 -2.08888 
23 0.76339 2.10656 0.937279 1.11234 0.15519 -2.08888 
24 0.805241 2.10689 0.937249 1.11231 0.155196 -2.08888 
25 0.847112 2.10725 0.9372 1.11226 0.155202 -2.08888 
26 0.889013 2.10767 0.937121 1.11218 0.155208 -2.08888 
27 0.930961 2.10816 0.936995 1.11204 0.155214 -2.08888 
28 0.972977 2.10877 0.936799 1.11182 0.15522 -2.08888 
29 1.01509 2.10956 0.936499 1.11149 0.155226 -2.08888 
30 1.05735 2.1106 0.93605 1.11099 0.155233 -2.08888 
31 1.0998 2.112 0.935386 1.11027 0.15524 -2.08888 
32 1.14252 2.1139 0.93442 1.10924 0.155248 -2.08888 
33 1.18559 2.11648 0.933042 1.1078 0.155257 -2.08888 
34 1.2291 2.11996 0.931113 1.10584 0.155266 -2.08888 
35 1.27314 2.12457 0.928472 1.10327 0.155277 -2.08888 
36 1.31777 2.13056 0.92495 1.10001 0.155288 -2.08888 
37 1.36298 2.1381 0.920402 1.09607 0.155301 -2.08888 
38 1.40859 2.14721 0.914757 1.09163 0.155313 -2.08888 
39 1.45423 2.15759 0.908107 1.08713 0.155324 -2.08888 
40 1.49916 2.16848 0.900808 1.08339 0.155331 -2.08888 
41 1.54231 2.17848 0.893579 1.08165 0.15533 -2.08888 
42 1.58221 2.18551 0.88754 1.08358 0.155319 -2.08888 
43 1.6173 2.18705 0.884124 1.09098 0.155292 -2.08888 
44 1.64618 2.1806 0.884822 1.10549 0.155247 -2.08888 
45 1.66802 2.16427 0.890841 1.12806 0.155182 -2.08888 
46 1.6828 2.13724 0.902799 1.15875 0.155097 -2.08888 
47 1.69125 2.09997 0.920617 1.19675 0.154996 -2.08888 
48 1.69462 2.05383 0.943638 1.24063 0.154883 -2.08888 
49 1.69432 2.0007 0.970878 1.2888 0.154761 -2.08888 
50 1.69167 1.9425 1.00128 1.33975 0.154635 -2.08888 
51 1.68769 1.88088 1.03391 1.39232 0.154507 -2.08888 
52 1.68313 1.81712 1.06801 1.44566 0.154378 -2.08888 
53 1.67848 1.75213 1.10302 1.49922 0.15425 -2.08888 
54 1.67401 1.68648 1.13859 1.55269 0.154124 -2.08888 
55 1.66989 1.62053 1.17448 1.60594 0.153999 -2.08888 
56 1.66616 1.55444 1.21056 1.65893 0.153876 -2.08888 
57 1.66283 1.48826 1.24679 1.71172 0.153754 -2.08888 
58 1.65988 1.42193 1.28318 1.76438 0.153633 -2.08888 
59 1.65727 1.35536 1.31977 1.81706 0.153512 -2.08888 
60 1.65495 1.28838 1.35663 1.86989 0.153393 -2.08888 
61 1.65289 1.22079 1.39389 1.92303 0.153274 -2.08888 
62 1.65104 1.15236 1.43167 1.97667 0.153156 -2.08888 
63 1.64937 1.08282 1.47013 2.03095 0.153038 -2.08888 
64 1.64785 1.01193 1.50942 2.086 0.152921 -2.08888 
65 1.64643 0.939519 1.54965 2.14184 0.152807 -2.08888 
66 1.64511 0.865578 1.59087 2.1983 0.152695 -2.08888 
67 1.64384 0.790448 1.63294 2.25488 0.15259 -2.08888 
68 1.64261 0.715065 1.6754 2.31051 0.152495 -2.08888 
69 1.64139 0.641273 1.71729 2.36336 0.152415 -2.08888 
70 1.64018 0.572114 1.757 2.41062 0.152357 -2.08888 
71 1.63896 0.511874 1.79219 2.44858 0.15233 -2.08888 
72 1.63773 0.46562 1.82003 2.47313 0.15234 -2.08888 
73 1.63652 0.438072 1.83784 2.48078 0.15239 -2.08888 
74 1.63534 0.432088 1.84387 2.46991 0.152477 -2.08888 
75 1.63423 0.447562 1.838 2.44152 0.152594 -2.08888 
76 1.63321 0.481448 1.82172 2.3989 0.15273 -2.08888 
77 1.63229 0.528913 1.79761 2.34658 0.152871 -2.08888 
78 1.63145 0.584866 1.76845 2.28893 0.153009 -2.08888 
79 1.6307 0.645077 1.7366 2.22936 0.15314 -2.08888 
80 1.63001 0.706615 1.70371 2.17006 0.15326 -2.08888 
81 1.62938 0.767758 1.67082 2.11216 0.15337 -2.08888 
82 1.6288 0.827685 1.63842 2.05608 0.153472 -2.08888 
83 1.62827 0.886142 1.60671 2.0018 0.153565 -2.08888 
84 1.62778 0.943187 1.57569 1.9491 0.153653 -2.08888 
85 1.62735 0.99902 1.54528 1.8977 0.153737 -2.08888 
86 1.62698 1.05389 1.51535 1.8473 0.153817 -2.08888 
87 1.62669 1.10803 1.48579 1.79764 0.153895 -2.08888 
88 1.6265 1.16167 1.45648 1.74849 0.153971 -2.08888 
89 1.62645 1.21499 1.42731 1.69969 0.154046 -2.08888 
90 1.62656 1.26814 1.39822 1.65109 0.15412 -2.08888 
91 1.62688 1.32126 1.3691 1.60259 0.154193 -2.08888 
92 1.62747 1.37447 1.3399 1.55409 0.154266 -2.08888 
93 1.62837 1.42788 1.31053 1.50554 0.154338 -2.08888 
94 1.62965 1.48157 1.28093 1.45691 0.154409 -2.08888 
95 1.63136 1.53563 1.25102 1.40819 0.154479 -2.08888 
96 1.63351 1.59011 1.22076 1.35946 0.154548 -2.08888 
97 1.63606 1.64499 1.19008 1.31086 0.154614 -2.08888 
98 1.63888 1.70017 1.15901 1.2627 0.154676 -2.08888 
99 1.64162 1.75537 1.12763 1.21545 0.154732 -2.08888 
100 1.64369 1.81008 1.09613 1.16989 0.154782 -2.08888 
101 1.64414 1.86344 1.06493 1.12713 0.15482 -2.08888 
102 1.64158 1.91423 1.03468 1.08858 0.154846 -2.08888 
103 1.63425 1.96083 1.00624 1.05591 0.154856 -2.08888 
104 1.62023 2.00147 0.980706 1.03074 0.154848 -2.08888 
105 1.59783 2.03453 0.959109 1.01421 0.154822 -2.08888 
106 1.56607 2.05908 0.94222 1.00658 0.154782 -2.08888 
107 1.52507 2.07511 0.930292 1.00702 0.154731 -2.08888 
108 1.47603 2.08366 0.922985 1.01376 0.154676 -2.08888 
109 1.42088 2.08644 0.919489 1.02457 0.154622 -2.08888 
110 1.36178 2.08539 0.918772 1.0373 0.154573 -2.08888 
111 1.30063 2.08227 0.919827 1.05022 0.154532 -2.08888 
112 1.23887 2.07841 0.92183 1.06223 0.154499 -2.08888 
113 1.17742 2.0747 0.924193 1.07272 0.154474 -2.08888 
114 1.11677 2.0716 0.926546 1.08151 0.154456 -2.08888 
115 1.05714 2.06934 0.928689 1.08864 0.154445 -2.08888 
116 0.99852 2.06796 0.930534 1.0943 0.154438 -2.08888 
117 0.940836 2.06737 0.932061 1.09872 0.154434 -2.08888 
118 0.883956 2.0675 0.93329 1.10212 0.154434 -2.08888 
119 0.827743 2.0682 0.934257 1.1047 0.154436 -2.08888 
120 0.772069 2.06939 0.935006 1.10666 0.154439 -2.08888 
121 0.716819 2.07095 0.935575 1.10813 0.154444 -2.08888 
122 0.661901 2.07281 0.936002 1.10922 0.154449 -2.08888 
123 0.607238 2.07489 0.936317 1.11003 0.154455 -2.08888 
124 0.55277 2.07715 0.936545 1.11064 0.154462 -2.08888 
